0.01 0.99492
0.03 38.4803
0.05 3.26611
0.07 1.01779
0.09 0.578475
0.11 0.739083
0.13 0.869551
0.15 1.00225
0.17 1.12141
0.19 1.15578
0.21 0.904011
0.23 1.25546
0.25 1.15047
0.27 1.26091
0.29 1.00375
0.31 1.15458
0.33 1.10637
0.35 1.13452
0.37 1.12357
0.39 1.14399
0.41 1.31454
0.43 1.17821
0.45 1.23814
0.47 1.17858
0.49 1.30078
0.51 1.28905
0.53 1.37826
0.55 1.38534
0.57 1.38014
0.59 1.44448
0.61 1.40858
0.63 1.45657
0.65 1.36448
0.67 1.39899
0.69 1.44088
0.71 1.38516
0.73 1.34395
0.75 1.26119
0.77 1.19379
0.79 1.13951
0.81 1.03558
0.83 0.946839
0.85 0.840238
0.87 0.8081
0.89 0.750437
0.91 0.719223
0.93 0.698635
0.95 0.624764
0.97 0.557186
0.99 0.435776
1.01 0.475046
1.03 0.606522
1.05 0.206154
1.07 0.0253084
1.09 0.0281866
1.11 0.295406
1.13 0.630117
1.15 0.695202
1.17 0.428999
1.19 0.837612
1.21 1
1.23 1
1.25 1
1.27 1
1.29 1
1.31 1
1.33 1
1.35 1
1.37 1
1.39 1
1.41 1
1.43 1
1.45 1
1.47 1
1.49 1
1.51 1
1.53 1
1.55 1
1.57 1
1.59 1
1.61 1
1.63 1
1.65 1
1.67 1
1.69 1
1.71 1
1.73 1
1.75 1
1.77 1
1.79 1
1.81 1
1.83 1
1.85 1
1.87 1
1.89 1
1.91 1
1.93 1
1.95 1
1.97 1
1.99 1
