0.01 1.00321
0.03 3.15344
0.05 1.44773
0.07 1.05978
0.09 0.980332
0.11 0.969104
0.13 1.04881
0.15 1.06081
0.17 1.18875
0.19 1.04947
0.21 1.09084
0.23 0.974072
0.25 1.13688
0.27 1.14329
0.29 1.13227
0.31 1.07995
0.33 1.13751
0.35 1.11471
0.37 1.0786
0.39 1.08318
0.41 1.17031
0.43 1.10232
0.45 1.12555
0.47 1.19965
0.49 1.12926
0.51 1.21368
0.53 1.23976
0.55 1.21737
0.57 1.24006
0.59 1.31841
0.61 1.33778
0.63 1.37386
0.65 1.32305
0.67 1.37616
0.69 1.30055
0.71 1.28957
0.73 1.18465
0.75 1.17005
0.77 1.01306
0.79 0.948205
0.81 0.858311
0.83 0.795116
0.85 0.775554
0.87 0.708075
0.89 0.689976
0.91 0.688587
0.93 0.689589
0.95 0.692391
0.97 0.75488
0.99 0.611217
1.01 1
1.03 1
1.05 1
1.07 1
1.09 1
1.11 1
1.13 1
1.15 1
1.17 1
1.19 1
1.21 1
1.23 1
1.25 1
1.27 1
1.29 1
1.31 1
1.33 1
1.35 1
1.37 1
1.39 1
1.41 1
1.43 1
1.45 1
1.47 1
1.49 1
1.51 1
1.53 1
1.55 1
1.57 1
1.59 1
1.61 1
1.63 1
1.65 1
1.67 1
1.69 1
1.71 1
1.73 1
1.75 1
1.77 1
1.79 1
1.81 1
1.83 1
1.85 1
1.87 1
1.89 1
1.91 1
1.93 1
1.95 1
1.97 1
1.99 1
