0.01 0.925391
0.03 0.833429
0.05 0.849476
0.07 0.914208
0.09 0.915475
0.11 0.984537
0.13 0.981147
0.15 0.969884
0.17 0.988377
0.19 1.01096
0.21 0.902219
0.23 0.948439
0.25 1.04809
0.27 1.02887
0.29 0.920846
0.31 0.956237
0.33 0.981665
0.35 0.930377
0.37 0.938527
0.39 1.01542
0.41 0.945058
0.43 0.997138
0.45 0.877351
0.47 0.939854
0.49 0.920328
0.51 0.937356
0.53 0.890669
0.55 0.899031
0.57 0.88297
0.59 0.934162
0.61 0.805937
0.63 0.868606
0.65 0.902587
0.67 0.863531
0.69 0.842444
0.71 0.887882
0.73 0.835356
0.75 0.878004
0.77 0.90611
0.79 0.931237
0.81 1.04143
0.83 1.08622
0.85 1.18063
0.87 1.25171
0.89 1.3335
0.91 1.54837
0.93 1.6223
0.95 1.56579
0.97 1.83704
0.99 3.35884
1.01 1
1.03 1
1.05 1
1.07 1
1.09 1
1.11 1
1.13 1
1.15 1
1.17 1
1.19 1
1.21 1
1.23 1
1.25 1
1.27 1
1.29 1
1.31 1
1.33 1
1.35 1
1.37 1
1.39 1
1.41 1
1.43 1
1.45 1
1.47 1
1.49 1
1.51 1
1.53 1
1.55 1
1.57 1
1.59 1
1.61 1
1.63 1
1.65 1
1.67 1
1.69 1
1.71 1
1.73 1
1.75 1
1.77 1
1.79 1
1.81 1
1.83 1
1.85 1
1.87 1
1.89 1
1.91 1
1.93 1
1.95 1
1.97 1
1.99 1
