0.01 0.992377
0.03 6.79639
0.05 2.41901
0.07 1.07823
0.09 0.813236
0.11 0.840274
0.13 0.995639
0.15 1.20826
0.17 1.00313
0.19 1.04899
0.21 1.10974
0.23 1.08171
0.25 1.03527
0.27 1.06636
0.29 1.2506
0.31 1.09496
0.33 1.10777
0.35 1.09582
0.37 1.18859
0.39 1.12107
0.41 1.18309
0.43 1.07374
0.45 1.16242
0.47 1.17982
0.49 1.24703
0.51 1.17663
0.53 1.25602
0.55 1.39708
0.57 1.38132
0.59 1.37584
0.61 1.38907
0.63 1.39144
0.65 1.40671
0.67 1.3869
0.69 1.37045
0.71 1.33634
0.73 1.22748
0.75 1.14811
0.77 1.07087
0.79 0.990621
0.81 0.898118
0.83 0.809493
0.85 0.759305
0.87 0.746034
0.89 0.717651
0.91 0.705486
0.93 0.720837
0.95 0.688776
0.97 0.698531
0.99 0.676459
1.01 1
1.03 1
1.05 1
1.07 1
1.09 1
1.11 1
1.13 1
1.15 1
1.17 1
1.19 1
1.21 1
1.23 1
1.25 1
1.27 1
1.29 1
1.31 1
1.33 1
1.35 1
1.37 1
1.39 1
1.41 1
1.43 1
1.45 1
1.47 1
1.49 1
1.51 1
1.53 1
1.55 1
1.57 1
1.59 1
1.61 1
1.63 1
1.65 1
1.67 1
1.69 1
1.71 1
1.73 1
1.75 1
1.77 1
1.79 1
1.81 1
1.83 1
1.85 1
1.87 1
1.89 1
1.91 1
1.93 1
1.95 1
1.97 1
1.99 1
