0.01 1.04485
0.03 1.16489
0.05 1.10561
0.07 1.02585
0.09 1.01033
0.11 1.03338
0.13 1.11738
0.15 1.04857
0.17 1.03876
0.19 1.08467
0.21 1.04188
0.23 1.06098
0.25 1.02398
0.27 1.02705
0.29 1.09076
0.31 1.00385
0.33 1.14635
0.35 1.06967
0.37 1.10804
0.39 1.04393
0.41 1.04244
0.43 1.0454
0.45 1.13826
0.47 1.08305
0.49 1.19039
0.51 1.1336
0.53 1.08954
0.55 1.12868
0.57 1.14961
0.59 1.20308
0.61 1.25094
0.63 1.25449
0.65 1.18535
0.67 1.21594
0.69 1.18636
0.71 1.13011
0.73 1.16301
0.75 1.09427
0.77 0.983299
0.79 0.884428
0.81 0.813521
0.83 0.755783
0.85 0.74493
0.87 0.723392
0.89 0.68187
0.91 0.662621
0.93 0.711738
0.95 0.764016
0.97 0.538838
0.99 1.25875
1.01 1
1.03 1
1.05 1
1.07 1
1.09 1
1.11 1
1.13 1
1.15 1
1.17 1
1.19 1
1.21 1
1.23 1
1.25 1
1.27 1
1.29 1
1.31 1
1.33 1
1.35 1
1.37 1
1.39 1
1.41 1
1.43 1
1.45 1
1.47 1
1.49 1
1.51 1
1.53 1
1.55 1
1.57 1
1.59 1
1.61 1
1.63 1
1.65 1
1.67 1
1.69 1
1.71 1
1.73 1
1.75 1
1.77 1
1.79 1
1.81 1
1.83 1
1.85 1
1.87 1
1.89 1
1.91 1
1.93 1
1.95 1
1.97 1
1.99 1
