0.01 1.01423
0.03 1.73914
0.05 1.16785
0.07 1.11029
0.09 1.03913
0.11 0.946699
0.13 1.05968
0.15 1.13888
0.17 1.11424
0.19 1.1129
0.21 0.982749
0.23 1.08178
0.25 1.16596
0.27 1.04259
0.29 1.06639
0.31 1.04653
0.33 1.08756
0.35 1.10696
0.37 1.06344
0.39 1.10825
0.41 1.09438
0.43 1.1162
0.45 1.09659
0.47 1.12719
0.49 1.109
0.51 1.20704
0.53 1.16076
0.55 1.235
0.57 1.2458
0.59 1.2306
0.61 1.3063
0.63 1.276
0.65 1.27412
0.67 1.30292
0.69 1.2434
0.71 1.22377
0.73 1.1808
0.75 1.10818
0.77 1.01403
0.79 0.92181
0.81 0.82442
0.83 0.804825
0.85 0.738792
0.87 0.719225
0.89 0.701347
0.91 0.662408
0.93 0.656428
0.95 0.671943
0.97 0.699414
0.99 0.820727
1.01 1
1.03 1
1.05 1
1.07 1
1.09 1
1.11 1
1.13 1
1.15 1
1.17 1
1.19 1
1.21 1
1.23 1
1.25 1
1.27 1
1.29 1
1.31 1
1.33 1
1.35 1
1.37 1
1.39 1
1.41 1
1.43 1
1.45 1
1.47 1
1.49 1
1.51 1
1.53 1
1.55 1
1.57 1
1.59 1
1.61 1
1.63 1
1.65 1
1.67 1
1.69 1
1.71 1
1.73 1
1.75 1
1.77 1
1.79 1
1.81 1
1.83 1
1.85 1
1.87 1
1.89 1
1.91 1
1.93 1
1.95 1
1.97 1
1.99 1
