0.01 0.992475
0.03 14.4537
0.05 3.18503
0.07 1.32393
0.09 0.662215
0.11 0.71353
0.13 0.850156
0.15 1.13392
0.17 1.10401
0.19 1.19549
0.21 1.0411
0.23 1.20136
0.25 0.953541
0.27 1.14459
0.29 1.08386
0.31 1.15047
0.33 1.07042
0.35 1.11832
0.37 1.19732
0.39 1.18895
0.41 1.09533
0.43 1.26294
0.45 1.17364
0.47 1.24298
0.49 1.27502
0.51 1.15407
0.53 1.29006
0.55 1.32209
0.57 1.38932
0.59 1.36468
0.61 1.42222
0.63 1.4421
0.65 1.3843
0.67 1.39999
0.69 1.37624
0.71 1.32784
0.73 1.31271
0.75 1.25692
0.77 1.14638
0.79 1.05518
0.81 0.939578
0.83 0.844792
0.85 0.756916
0.87 0.704798
0.89 0.689237
0.91 0.652139
0.93 0.677178
0.95 0.705563
0.97 0.641763
0.99 0.627233
1.01 1
1.03 1
1.05 1
1.07 1
1.09 1
1.11 1
1.13 1
1.15 1
1.17 1
1.19 1
1.21 1
1.23 1
1.25 1
1.27 1
1.29 1
1.31 1
1.33 1
1.35 1
1.37 1
1.39 1
1.41 1
1.43 1
1.45 1
1.47 1
1.49 1
1.51 1
1.53 1
1.55 1
1.57 1
1.59 1
1.61 1
1.63 1
1.65 1
1.67 1
1.69 1
1.71 1
1.73 1
1.75 1
1.77 1
1.79 1
1.81 1
1.83 1
1.85 1
1.87 1
1.89 1
1.91 1
1.93 1
1.95 1
1.97 1
1.99 1
