0.01 0.946843
0.03 1.02651
0.05 0.962082
0.07 0.890234
0.09 0.879821
0.11 0.90612
0.13 0.987744
0.15 0.93413
0.17 0.931404
0.19 0.977411
0.21 0.942258
0.23 0.96174
0.25 0.928453
0.27 0.928197
0.29 0.97781
0.31 0.888733
0.33 1.00107
0.35 0.924586
0.37 0.954329
0.39 0.901031
0.41 0.902076
0.43 0.901315
0.45 0.967789
0.47 0.900233
0.49 0.964877
0.51 0.899311
0.53 0.850274
0.55 0.867339
0.57 0.865812
0.59 0.881735
0.61 0.88897
0.63 0.867939
0.65 0.807623
0.67 0.828176
0.69 0.819715
0.71 0.803026
0.73 0.862938
0.75 0.865621
0.77 0.853042
0.79 0.869072
0.81 0.930038
0.83 1.01622
0.85 1.16807
0.87 1.29324
0.89 1.35144
0.91 1.41759
0.93 1.60747
0.95 1.79089
0.97 1.2952
0.99 3.07983
1.01 1
1.03 1
1.05 1
1.07 1
1.09 1
1.11 1
1.13 1
1.15 1
1.17 1
1.19 1
1.21 1
1.23 1
1.25 1
1.27 1
1.29 1
1.31 1
1.33 1
1.35 1
1.37 1
1.39 1
1.41 1
1.43 1
1.45 1
1.47 1
1.49 1
1.51 1
1.53 1
1.55 1
1.57 1
1.59 1
1.61 1
1.63 1
1.65 1
1.67 1
1.69 1
1.71 1
1.73 1
1.75 1
1.77 1
1.79 1
1.81 1
1.83 1
1.85 1
1.87 1
1.89 1
1.91 1
1.93 1
1.95 1
1.97 1
1.99 1
