0.01 0.991675
0.03 6.66382
0.05 2.26598
0.07 0.915274
0.09 0.623704
0.11 0.640094
0.13 0.783559
0.15 0.979036
0.17 0.831587
0.19 0.885508
0.21 0.947814
0.23 0.925351
0.25 0.876344
0.27 0.884537
0.29 1.01281
0.31 0.868081
0.33 0.864876
0.35 0.847275
0.37 0.913128
0.39 0.856497
0.41 0.898113
0.43 0.807914
0.45 0.862581
0.47 0.855694
0.49 0.872487
0.51 0.782811
0.53 0.786403
0.55 0.821751
0.57 0.76918
0.59 0.735431
0.61 0.723796
0.63 0.716757
0.65 0.725507
0.67 0.725365
0.69 0.737082
0.71 0.750728
0.73 0.733154
0.75 0.74454
0.77 0.77311
0.79 0.818399
0.81 0.869992
0.83 0.931646
0.85 1.03499
0.87 1.18211
0.89 1.2845
0.91 1.38107
0.93 1.49641
0.95 1.47638
0.97 1.5132
0.99 1.45636
1.01 1
1.03 1
1.05 1
1.07 1
1.09 1
1.11 1
1.13 1
1.15 1
1.17 1
1.19 1
1.21 1
1.23 1
1.25 1
1.27 1
1.29 1
1.31 1
1.33 1
1.35 1
1.37 1
1.39 1
1.41 1
1.43 1
1.45 1
1.47 1
1.49 1
1.51 1
1.53 1
1.55 1
1.57 1
1.59 1
1.61 1
1.63 1
1.65 1
1.67 1
1.69 1
1.71 1
1.73 1
1.75 1
1.77 1
1.79 1
1.81 1
1.83 1
1.85 1
1.87 1
1.89 1
1.91 1
1.93 1
1.95 1
1.97 1
1.99 1
