0.01 1.06208
0.03 1.02488
0.05 1.0152
0.07 1.03801
0.09 1.04059
0.11 1.04909
0.13 1.03428
0.15 1.08825
0.17 1.02452
0.19 1.11278
0.21 1.04811
0.23 1.04947
0.25 1.00182
0.27 1.08595
0.29 1.00205
0.31 1.01542
0.33 1.04761
0.35 1.10489
0.37 1.06967
0.39 1.0645
0.41 1.05203
0.43 1.05959
0.45 1.13241
0.47 1.07397
0.49 1.07407
0.51 1.14085
0.53 1.13032
0.55 1.14607
0.57 1.19101
0.59 1.15476
0.61 1.21816
0.63 1.22088
0.65 1.25213
0.67 1.21033
0.69 1.14281
0.71 1.13503
0.73 1.14494
0.75 1.01981
0.77 0.928075
0.79 0.849717
0.81 0.795807
0.83 0.760763
0.85 0.691905
0.87 0.693534
0.89 0.719654
0.91 0.6859
0.93 0.647513
0.95 0.677976
0.97 0.758343
0.99 1.31425
1.01 1
1.03 1
1.05 1
1.07 1
1.09 1
1.11 1
1.13 1
1.15 1
1.17 1
1.19 1
1.21 1
1.23 1
1.25 1
1.27 1
1.29 1
1.31 1
1.33 1
1.35 1
1.37 1
1.39 1
1.41 1
1.43 1
1.45 1
1.47 1
1.49 1
1.51 1
1.53 1
1.55 1
1.57 1
1.59 1
1.61 1
1.63 1
1.65 1
1.67 1
1.69 1
1.71 1
1.73 1
1.75 1
1.77 1
1.79 1
1.81 1
1.83 1
1.85 1
1.87 1
1.89 1
1.91 1
1.93 1
1.95 1
1.97 1
1.99 1
