0.01 1.03889
0.03 1.39586
0.05 1.16138
0.07 1.04643
0.09 1.0623
0.11 1.06433
0.13 1.00353
0.15 1.03122
0.17 1.0639
0.19 1.13093
0.21 1.08241
0.23 1.04931
0.25 1.05354
0.27 1.07669
0.29 1.038
0.31 1.05534
0.33 1.07491
0.35 1.0838
0.37 1.08629
0.39 1.07866
0.41 1.0795
0.43 1.10156
0.45 1.12304
0.47 1.08549
0.49 1.13039
0.51 1.15592
0.53 1.19675
0.55 1.20026
0.57 1.12371
0.59 1.2142
0.61 1.2098
0.63 1.25335
0.65 1.25927
0.67 1.24209
0.69 1.24917
0.71 1.23377
0.73 1.1512
0.75 1.08833
0.77 1.00798
0.79 0.889327
0.81 0.819784
0.83 0.787819
0.85 0.729106
0.87 0.6949
0.89 0.690964
0.91 0.651005
0.93 0.670743
0.95 0.661783
0.97 0.77551
0.99 0.930948
1.01 1
1.03 1
1.05 1
1.07 1
1.09 1
1.11 1
1.13 1
1.15 1
1.17 1
1.19 1
1.21 1
1.23 1
1.25 1
1.27 1
1.29 1
1.31 1
1.33 1
1.35 1
1.37 1
1.39 1
1.41 1
1.43 1
1.45 1
1.47 1
1.49 1
1.51 1
1.53 1
1.55 1
1.57 1
1.59 1
1.61 1
1.63 1
1.65 1
1.67 1
1.69 1
1.71 1
1.73 1
1.75 1
1.77 1
1.79 1
1.81 1
1.83 1
1.85 1
1.87 1
1.89 1
1.91 1
1.93 1
1.95 1
1.97 1
1.99 1
