0.01 0.992095
0.03 3.33824
0.05 1.45325
0.07 0.967605
0.09 0.684557
0.11 0.757518
0.13 0.860698
0.15 0.882959
0.17 0.941724
0.19 0.865954
0.21 0.902365
0.23 0.875357
0.25 0.954008
0.27 0.939609
0.29 0.846318
0.31 0.942076
0.33 0.894463
0.35 0.895118
0.37 0.860234
0.39 0.976292
0.41 0.901167
0.43 0.816828
0.45 0.883069
0.47 0.801675
0.49 0.862337
0.51 0.826812
0.53 0.862469
0.55 0.808932
0.57 0.782262
0.59 0.772431
0.61 0.77146
0.63 0.754158
0.65 0.757011
0.67 0.764754
0.69 0.722031
0.71 0.734751
0.73 0.765987
0.75 0.79411
0.77 0.760579
0.79 0.824963
0.81 0.889319
0.83 0.969027
0.85 1.09853
0.87 1.21843
0.89 1.27963
0.91 1.4073
0.93 1.50933
0.95 1.51507
0.97 1.66497
0.99 1.50409
1.01 1
1.03 1
1.05 1
1.07 1
1.09 1
1.11 1
1.13 1
1.15 1
1.17 1
1.19 1
1.21 1
1.23 1
1.25 1
1.27 1
1.29 1
1.31 1
1.33 1
1.35 1
1.37 1
1.39 1
1.41 1
1.43 1
1.45 1
1.47 1
1.49 1
1.51 1
1.53 1
1.55 1
1.57 1
1.59 1
1.61 1
1.63 1
1.65 1
1.67 1
1.69 1
1.71 1
1.73 1
1.75 1
1.77 1
1.79 1
1.81 1
1.83 1
1.85 1
1.87 1
1.89 1
1.91 1
1.93 1
1.95 1
1.97 1
1.99 1
