0.01 0.99561
0.03 116.751
0.05 18.1288
0.07 2.34613
0.09 0.0961581
0.11 0.174453
0.13 0.461317
0.15 0.781444
0.17 0.945495
0.19 0.758926
0.21 1.01773
0.23 0.936623
0.25 0.877697
0.27 0.92219
0.29 0.936785
0.31 1.00386
0.33 0.897451
0.35 0.834751
0.37 0.840563
0.39 0.946055
0.41 0.760645
0.43 0.990253
0.45 0.761154
0.47 0.749892
0.49 0.801562
0.51 0.768902
0.53 0.767895
0.55 0.728285
0.57 0.716587
0.59 0.742461
0.61 0.68754
0.63 0.715493
0.65 0.689856
0.67 0.716744
0.69 0.701673
0.71 0.720511
0.73 0.735358
0.75 0.729451
0.77 0.759432
0.79 0.768039
0.81 0.783097
0.83 0.811046
0.85 0.82702
0.87 0.907754
0.89 0.995133
0.91 1.08907
0.93 1.16139
0.95 1.24284
0.97 1.25968
0.99 1.30709
1.01 1.5417
1.03 2.02499
1.05 2.23347
1.07 2.15149
1.09 2.27789
1.11 2.18974
1.13 1.83745
1.15 1.92174
1.17 1.89383
1.19 1.77598
1.21 1.76433
1.23 1.60759
1.25 1.64539
1.27 1.49715
1.29 1.41477
1.31 2.07766
1.33 1.55543
1.35 1.12716
1.37 1.30613
1.39 1.13486
1.41 1
1.43 1
1.45 1
1.47 1
1.49 1
1.51 1
1.53 1
1.55 1
1.57 1
1.59 1
1.61 1
1.63 1
1.65 1
1.67 1
1.69 1
1.71 1
1.73 1
1.75 1
1.77 1
1.79 1
1.81 1
1.83 1
1.85 1
1.87 1
1.89 1
1.91 1
1.93 1
1.95 1
1.97 1
1.99 1
