0.01 0.996662
0.03 116.55
0.05 18.0445
0.07 2.3854
0.09 0.193006
0.11 0.396596
0.13 0.660047
0.15 1.01475
0.17 1.18503
0.19 0.933971
0.21 1.2359
0.23 1.12432
0.25 1.04425
0.27 1.09327
0.29 1.11548
0.31 1.21257
0.33 1.11141
0.35 1.07005
0.37 1.12215
0.39 1.31639
0.41 1.09899
0.43 1.47836
0.45 1.1719
0.47 1.19384
0.49 1.32693
0.51 1.3305
0.53 1.3915
0.55 1.37817
0.57 1.40625
0.59 1.49645
0.61 1.40814
0.63 1.47369
0.65 1.41564
0.67 1.45332
0.69 1.39498
0.71 1.39324
0.73 1.37049
0.75 1.296
0.77 1.26907
0.79 1.18799
0.81 1.10188
0.83 1.02216
0.85 0.924851
0.87 0.899917
0.89 0.878861
0.91 0.86032
0.93 0.817792
0.95 0.768579
0.97 0.665336
0.99 0.565445
1.01 0.516004
1.03 0.489826
1.05 0.372792
1.07 0.27353
1.09 0.312065
1.11 0.420035
1.13 0.480667
1.15 0.603157
1.17 0.641366
1.19 0.61529
1.21 0.62245
1.23 0.590683
1.25 0.64558
1.27 0.639719
1.29 0.671796
1.31 1.12208
1.33 0.973822
1.35 0.821006
1.37 1.08397
1.39 1.02372
1.41 1
1.43 1
1.45 1
1.47 1
1.49 1
1.51 1
1.53 1
1.55 1
1.57 1
1.59 1
1.61 1
1.63 1
1.65 1
1.67 1
1.69 1
1.71 1
1.73 1
1.75 1
1.77 1
1.79 1
1.81 1
1.83 1
1.85 1
1.87 1
1.89 1
1.91 1
1.93 1
1.95 1
1.97 1
1.99 1
