0.01 0.989531
0.03 1.87996
0.05 1.30808
0.07 0.845849
0.09 0.836131
0.11 0.846964
0.13 0.908749
0.15 0.968414
0.17 0.896744
0.19 0.89246
0.21 0.893413
0.23 0.949322
0.25 0.962602
0.27 0.915762
0.29 0.954807
0.31 0.864762
0.33 0.892456
0.35 0.920327
0.37 0.925156
0.39 0.935576
0.41 0.946573
0.43 0.853538
0.45 0.889535
0.47 0.836028
0.49 0.87079
0.51 0.831722
0.53 0.818664
0.55 0.867719
0.57 0.82421
0.59 0.812731
0.61 0.80213
0.63 0.779258
0.65 0.786226
0.67 0.756118
0.69 0.769542
0.71 0.783755
0.73 0.771591
0.75 0.788422
0.77 0.812706
0.79 0.83203
0.81 0.895594
0.83 0.994522
0.85 1.09837
0.87 1.22705
0.89 1.33037
0.91 1.42145
0.93 1.5057
0.95 1.54861
0.97 1.64567
0.99 1.93553
1.01 1
1.03 1
1.05 1
1.07 1
1.09 1
1.11 1
1.13 1
1.15 1
1.17 1
1.19 1
1.21 1
1.23 1
1.25 1
1.27 1
1.29 1
1.31 1
1.33 1
1.35 1
1.37 1
1.39 1
1.41 1
1.43 1
1.45 1
1.47 1
1.49 1
1.51 1
1.53 1
1.55 1
1.57 1
1.59 1
1.61 1
1.63 1
1.65 1
1.67 1
1.69 1
1.71 1
1.73 1
1.75 1
1.77 1
1.79 1
1.81 1
1.83 1
1.85 1
1.87 1
1.89 1
1.91 1
1.93 1
1.95 1
1.97 1
1.99 1
