0.01 0.931621
0.03 0.706381
0.05 0.825589
0.07 0.922166
0.09 0.950012
0.11 1.06
0.13 1.0512
0.15 1.03979
0.17 1.03061
0.19 0.986975
0.21 0.964737
0.23 0.952027
0.25 1.01606
0.27 0.977607
0.29 1.01245
0.31 0.926
0.33 1.04325
0.35 0.962392
0.37 1.03231
0.39 0.929496
0.41 0.970424
0.43 0.98217
0.45 0.931384
0.47 0.966675
0.49 0.959324
0.51 0.958177
0.53 0.969749
0.55 0.952595
0.57 0.960903
0.59 0.862617
0.61 0.940101
0.63 0.932397
0.65 0.89936
0.67 0.89723
0.69 0.919249
0.71 0.88984
0.73 0.854173
0.75 0.929174
0.77 0.989559
0.79 0.928134
0.81 1.01764
0.83 1.08674
0.85 1.28232
0.87 1.29443
0.89 1.30981
0.91 1.66336
0.93 1.73559
0.95 1.92175
0.97 1.96963
0.99 2.48461
1.01 1
1.03 1
1.05 1
1.07 1
1.09 1
1.11 1
1.13 1
1.15 1
1.17 1
1.19 1
1.21 1
1.23 1
1.25 1
1.27 1
1.29 1
1.31 1
1.33 1
1.35 1
1.37 1
1.39 1
1.41 1
1.43 1
1.45 1
1.47 1
1.49 1
1.51 1
1.53 1
1.55 1
1.57 1
1.59 1
1.61 1
1.63 1
1.65 1
1.67 1
1.69 1
1.71 1
1.73 1
1.75 1
1.77 1
1.79 1
1.81 1
1.83 1
1.85 1
1.87 1
1.89 1
1.91 1
1.93 1
1.95 1
1.97 1
1.99 1
