0.01 1.11006
0.03 0.807823
0.05 0.922396
0.07 1.01142
0.09 1.02398
0.11 1.12387
0.13 1.09929
0.15 1.07792
0.17 1.06556
0.19 1.02205
0.21 1.00126
0.23 0.988349
0.25 1.05273
0.27 1.01017
0.29 1.0451
0.31 0.958679
0.33 1.08919
0.35 1.01859
0.37 1.11077
0.39 1.01546
0.41 1.07077
0.43 1.08712
0.45 1.0291
0.47 1.06617
0.49 1.06191
0.51 1.07395
0.53 1.10992
0.55 1.11854
0.57 1.15734
0.59 1.06207
0.61 1.17799
0.63 1.18365
0.65 1.15009
0.67 1.14617
0.69 1.15961
0.71 1.09287
0.73 1.00471
0.75 1.02659
0.77 1.00336
0.79 0.842039
0.81 0.808544
0.83 0.748349
0.85 0.767517
0.87 0.681898
0.89 0.617649
0.91 0.714942
0.93 0.692668
0.95 0.72638
0.97 0.7214
0.99 0.908189
1.01 1
1.03 1
1.05 1
1.07 1
1.09 1
1.11 1
1.13 1
1.15 1
1.17 1
1.19 1
1.21 1
1.23 1
1.25 1
1.27 1
1.29 1
1.31 1
1.33 1
1.35 1
1.37 1
1.39 1
1.41 1
1.43 1
1.45 1
1.47 1
1.49 1
1.51 1
1.53 1
1.55 1
1.57 1
1.59 1
1.61 1
1.63 1
1.65 1
1.67 1
1.69 1
1.71 1
1.73 1
1.75 1
1.77 1
1.79 1
1.81 1
1.83 1
1.85 1
1.87 1
1.89 1
1.91 1
1.93 1
1.95 1
1.97 1
1.99 1
