0.01 1.00812
0.03 2.01048
0.05 1.48121
0.07 1.00461
0.09 1.01517
0.11 1.0282
0.13 1.09172
0.15 1.148
0.17 1.04996
0.19 1.03633
0.21 1.03582
0.23 1.10662
0.25 1.13213
0.27 1.08383
0.29 1.12884
0.31 1.01413
0.33 1.03696
0.35 1.06728
0.37 1.08579
0.39 1.1277
0.41 1.18234
0.43 1.10445
0.45 1.18297
0.47 1.13103
0.49 1.19016
0.51 1.14808
0.53 1.14878
0.55 1.25115
0.57 1.23401
0.59 1.27074
0.61 1.30737
0.63 1.3116
0.65 1.34655
0.67 1.2954
0.69 1.2961
0.71 1.27493
0.73 1.18839
0.75 1.12203
0.77 1.03772
0.79 0.924465
0.81 0.845848
0.83 0.792003
0.85 0.74444
0.87 0.723277
0.89 0.70032
0.91 0.68573
0.93 0.680716
0.95 0.668008
0.97 0.686493
0.99 0.787645
1.01 1
1.03 1
1.05 1
1.07 1
1.09 1
1.11 1
1.13 1
1.15 1
1.17 1
1.19 1
1.21 1
1.23 1
1.25 1
1.27 1
1.29 1
1.31 1
1.33 1
1.35 1
1.37 1
1.39 1
1.41 1
1.43 1
1.45 1
1.47 1
1.49 1
1.51 1
1.53 1
1.55 1
1.57 1
1.59 1
1.61 1
1.63 1
1.65 1
1.67 1
1.69 1
1.71 1
1.73 1
1.75 1
1.77 1
1.79 1
1.81 1
1.83 1
1.85 1
1.87 1
1.89 1
1.91 1
1.93 1
1.95 1
1.97 1
1.99 1
