0.01 0.991576
0.03 4.09674
0.05 1.53909
0.07 0.957694
0.09 0.903432
0.11 0.672299
0.13 0.75596
0.15 0.960719
0.17 0.912849
0.19 1.00839
0.21 0.827035
0.23 0.828232
0.25 0.989362
0.27 0.885988
0.29 0.914291
0.31 0.867926
0.33 0.883099
0.35 0.834739
0.37 0.920209
0.39 0.931371
0.41 0.873336
0.43 0.886441
0.45 0.866218
0.47 0.822522
0.49 0.876902
0.51 0.846677
0.53 0.800721
0.55 0.842549
0.57 0.772939
0.59 0.730144
0.61 0.748167
0.63 0.709869
0.65 0.735216
0.67 0.755296
0.69 0.735206
0.71 0.780452
0.73 0.738368
0.75 0.748642
0.77 0.774992
0.79 0.812027
0.81 0.850323
0.83 0.959166
0.85 1.03598
0.87 1.16626
0.89 1.32976
0.91 1.41394
0.93 1.45403
0.95 1.53825
0.97 1.61609
0.99 1.67173
1.01 1
1.03 1
1.05 1
1.07 1
1.09 1
1.11 1
1.13 1
1.15 1
1.17 1
1.19 1
1.21 1
1.23 1
1.25 1
1.27 1
1.29 1
1.31 1
1.33 1
1.35 1
1.37 1
1.39 1
1.41 1
1.43 1
1.45 1
1.47 1
1.49 1
1.51 1
1.53 1
1.55 1
1.57 1
1.59 1
1.61 1
1.63 1
1.65 1
1.67 1
1.69 1
1.71 1
1.73 1
1.75 1
1.77 1
1.79 1
1.81 1
1.83 1
1.85 1
1.87 1
1.89 1
1.91 1
1.93 1
1.95 1
1.97 1
1.99 1
