0.01 0.994091
0.03 4.2352
0.05 1.6835
0.07 1.13294
0.09 1.12086
0.11 0.82873
0.13 0.91275
0.15 1.14483
0.17 1.08385
0.19 1.20192
0.21 0.995169
0.23 1.00956
0.25 1.22139
0.27 1.10313
0.29 1.14127
0.31 1.08196
0.33 1.10043
0.35 1.04509
0.37 1.16401
0.39 1.19212
0.41 1.12649
0.43 1.14518
0.45 1.11975
0.47 1.07524
0.49 1.1856
0.51 1.21564
0.53 1.24226
0.55 1.41082
0.57 1.3713
0.59 1.3381
0.61 1.38705
0.63 1.3161
0.65 1.35715
0.67 1.38384
0.69 1.32776
0.71 1.37095
0.73 1.23637
0.75 1.1634
0.77 1.08241
0.79 0.985653
0.81 0.872569
0.83 0.821048
0.85 0.743438
0.87 0.716281
0.89 0.719901
0.91 0.696296
0.93 0.670315
0.95 0.679918
0.97 0.69775
0.99 0.714864
1.01 1
1.03 1
1.05 1
1.07 1
1.09 1
1.11 1
1.13 1
1.15 1
1.17 1
1.19 1
1.21 1
1.23 1
1.25 1
1.27 1
1.29 1
1.31 1
1.33 1
1.35 1
1.37 1
1.39 1
1.41 1
1.43 1
1.45 1
1.47 1
1.49 1
1.51 1
1.53 1
1.55 1
1.57 1
1.59 1
1.61 1
1.63 1
1.65 1
1.67 1
1.69 1
1.71 1
1.73 1
1.75 1
1.77 1
1.79 1
1.81 1
1.83 1
1.85 1
1.87 1
1.89 1
1.91 1
1.93 1
1.95 1
1.97 1
1.99 1
