0.01 1.09552
0.03 0.910876
0.05 0.930814
0.07 0.990283
0.09 1.07819
0.11 1.05414
0.13 1.11603
0.15 0.977739
0.17 1.08041
0.19 1.08253
0.21 1.02492
0.23 1.07895
0.25 1.00249
0.27 1.05896
0.29 0.971757
0.31 1.04968
0.33 1.03214
0.35 1.09625
0.37 1.0355
0.39 1.03479
0.41 1.03813
0.43 1.0145
0.45 1.06967
0.47 1.08536
0.49 1.16256
0.51 1.12604
0.53 1.08412
0.55 1.21293
0.57 1.18512
0.59 1.17853
0.61 1.07085
0.63 1.17546
0.65 1.08075
0.67 1.20148
0.69 1.21666
0.71 1.14776
0.73 1.05225
0.75 0.999687
0.77 0.927743
0.79 0.820631
0.81 0.809344
0.83 0.727305
0.85 0.694054
0.87 0.696011
0.89 0.659081
0.91 0.654797
0.93 0.678542
0.95 0.679611
0.97 0.884494
0.99 1.09021
1.01 1
1.03 1
1.05 1
1.07 1
1.09 1
1.11 1
1.13 1
1.15 1
1.17 1
1.19 1
1.21 1
1.23 1
1.25 1
1.27 1
1.29 1
1.31 1
1.33 1
1.35 1
1.37 1
1.39 1
1.41 1
1.43 1
1.45 1
1.47 1
1.49 1
1.51 1
1.53 1
1.55 1
1.57 1
1.59 1
1.61 1
1.63 1
1.65 1
1.67 1
1.69 1
1.71 1
1.73 1
1.75 1
1.77 1
1.79 1
1.81 1
1.83 1
1.85 1
1.87 1
1.89 1
1.91 1
1.93 1
1.95 1
1.97 1
1.99 1
