0.01 0.994946
0.03 3.4702
0.05 1.60119
0.07 1.14292
0.09 0.84284
0.11 0.933485
0.13 1.04604
0.15 1.06173
0.17 1.12875
0.19 1.0414
0.21 1.09313
0.23 1.0684
0.25 1.16879
0.27 1.14835
0.29 1.02634
0.31 1.13285
0.33 1.07303
0.35 1.08373
0.37 1.06385
0.39 1.2412
0.41 1.17556
0.43 1.08573
0.45 1.18927
0.47 1.09413
0.49 1.20019
0.51 1.18436
0.53 1.28237
0.55 1.25563
0.57 1.27089
0.59 1.3126
0.61 1.3644
0.63 1.37373
0.65 1.39814
0.67 1.40569
0.69 1.29598
0.71 1.26417
0.73 1.23868
0.75 1.17891
0.77 1.00765
0.79 0.946958
0.81 0.864947
0.83 0.793185
0.85 0.765011
0.87 0.738993
0.89 0.695566
0.91 0.70535
0.93 0.7157
0.95 0.695053
0.97 0.753438
0.99 0.683297
1.01 1
1.03 1
1.05 1
1.07 1
1.09 1
1.11 1
1.13 1
1.15 1
1.17 1
1.19 1
1.21 1
1.23 1
1.25 1
1.27 1
1.29 1
1.31 1
1.33 1
1.35 1
1.37 1
1.39 1
1.41 1
1.43 1
1.45 1
1.47 1
1.49 1
1.51 1
1.53 1
1.55 1
1.57 1
1.59 1
1.61 1
1.63 1
1.65 1
1.67 1
1.69 1
1.71 1
1.73 1
1.75 1
1.77 1
1.79 1
1.81 1
1.83 1
1.85 1
1.87 1
1.89 1
1.91 1
1.93 1
1.95 1
1.97 1
1.99 1
