0.01 0.975233
0.03 1.23971
0.05 0.999011
0.07 0.891631
0.09 0.910759
0.11 0.924376
0.13 0.882255
0.15 0.9127
0.17 0.941262
0.19 0.994757
0.21 0.945293
0.23 0.912588
0.25 0.917075
0.27 0.941668
0.29 0.912567
0.31 0.929856
0.33 0.944488
0.35 0.945137
0.37 0.937392
0.39 0.920244
0.41 0.910777
0.43 0.918937
0.45 0.924467
0.47 0.878096
0.49 0.893989
0.51 0.890147
0.53 0.896255
0.55 0.875748
0.57 0.801359
0.59 0.848396
0.61 0.828771
0.63 0.841687
0.65 0.83049
0.67 0.809717
0.69 0.815116
0.71 0.820868
0.73 0.799897
0.75 0.8131
0.77 0.836985
0.79 0.847849
0.81 0.918823
0.83 1.04586
0.85 1.13536
0.87 1.24282
0.89 1.38453
0.91 1.42748
0.93 1.57711
0.95 1.64038
0.97 1.99786
0.99 2.46367
1.01 1
1.03 1
1.05 1
1.07 1
1.09 1
1.11 1
1.13 1
1.15 1
1.17 1
1.19 1
1.21 1
1.23 1
1.25 1
1.27 1
1.29 1
1.31 1
1.33 1
1.35 1
1.37 1
1.39 1
1.41 1
1.43 1
1.45 1
1.47 1
1.49 1
1.51 1
1.53 1
1.55 1
1.57 1
1.59 1
1.61 1
1.63 1
1.65 1
1.67 1
1.69 1
1.71 1
1.73 1
1.75 1
1.77 1
1.79 1
1.81 1
1.83 1
1.85 1
1.87 1
1.89 1
1.91 1
1.93 1
1.95 1
1.97 1
1.99 1
