0.01 0.989918
0.03 2.97716
0.05 1.2875
0.07 0.892828
0.09 0.808345
0.11 0.802467
0.13 0.875575
0.15 0.888598
0.17 0.995625
0.19 0.878555
0.21 0.913544
0.23 0.815515
0.25 0.948493
0.27 0.946331
0.29 0.927112
0.31 0.875276
0.33 0.916277
0.35 0.897275
0.37 0.87086
0.39 0.876974
0.41 0.945178
0.43 0.879981
0.45 0.878955
0.47 0.908672
0.49 0.825778
0.51 0.855681
0.53 0.842684
0.55 0.797399
0.57 0.782065
0.59 0.800767
0.61 0.785166
0.63 0.785233
0.65 0.745303
0.67 0.775747
0.69 0.746245
0.71 0.767306
0.73 0.746444
0.75 0.800327
0.77 0.774141
0.79 0.833328
0.81 0.886873
0.83 0.973851
0.85 1.1179
0.87 1.17936
0.89 1.2967
0.91 1.42339
0.93 1.52805
0.95 1.60256
0.97 1.77651
0.99 1.41946
1.01 1
1.03 1
1.05 1
1.07 1
1.09 1
1.11 1
1.13 1
1.15 1
1.17 1
1.19 1
1.21 1
1.23 1
1.25 1
1.27 1
1.29 1
1.31 1
1.33 1
1.35 1
1.37 1
1.39 1
1.41 1
1.43 1
1.45 1
1.47 1
1.49 1
1.51 1
1.53 1
1.55 1
1.57 1
1.59 1
1.61 1
1.63 1
1.65 1
1.67 1
1.69 1
1.71 1
1.73 1
1.75 1
1.77 1
1.79 1
1.81 1
1.83 1
1.85 1
1.87 1
1.89 1
1.91 1
1.93 1
1.95 1
1.97 1
1.99 1
