0.01 0.943315
0.03 0.797049
0.05 0.823723
0.07 0.88699
0.09 0.979649
0.11 0.973319
0.13 1.04674
0.15 0.927882
0.17 1.02995
0.19 1.02828
0.21 0.965269
0.23 1.00824
0.25 0.934467
0.27 0.990538
0.29 0.914662
0.31 0.992417
0.33 0.975483
0.35 1.03109
0.37 0.968022
0.39 0.963191
0.41 0.963707
0.43 0.936893
0.45 0.97445
0.47 0.963143
0.49 0.993332
0.51 0.921781
0.53 0.854191
0.55 0.931687
0.57 0.901657
0.59 0.899585
0.61 0.824534
0.63 0.910505
0.65 0.836192
0.67 0.924175
0.69 0.934183
0.71 0.893621
0.73 0.852807
0.75 0.871851
0.77 0.901728
0.79 0.91576
0.81 1.05388
0.83 1.10286
0.85 1.20481
0.87 1.35096
0.89 1.39883
0.91 1.49288
0.93 1.64039
0.95 1.72659
0.97 2.34955
0.99 3.03066
1.01 1
1.03 1
1.05 1
1.07 1
1.09 1
1.11 1
1.13 1
1.15 1
1.17 1
1.19 1
1.21 1
1.23 1
1.25 1
1.27 1
1.29 1
1.31 1
1.33 1
1.35 1
1.37 1
1.39 1
1.41 1
1.43 1
1.45 1
1.47 1
1.49 1
1.51 1
1.53 1
1.55 1
1.57 1
1.59 1
1.61 1
1.63 1
1.65 1
1.67 1
1.69 1
1.71 1
1.73 1
1.75 1
1.77 1
1.79 1
1.81 1
1.83 1
1.85 1
1.87 1
1.89 1
1.91 1
1.93 1
1.95 1
1.97 1
1.99 1
