0.01 0.969203
0.03 0.897411
0.05 0.877566
0.07 0.900075
0.09 0.913355
0.11 0.935313
0.13 0.935206
0.15 0.992722
0.17 0.936522
0.19 1.01411
0.21 0.951172
0.23 0.951112
0.25 0.910864
0.27 0.993721
0.29 0.922314
0.31 0.935537
0.33 0.9591
0.35 0.998765
0.37 0.952395
0.39 0.935381
0.41 0.91606
0.43 0.917047
0.45 0.97394
0.47 0.914618
0.49 0.900564
0.51 0.936028
0.53 0.902967
0.55 0.88872
0.57 0.895624
0.59 0.842911
0.61 0.865821
0.63 0.849985
0.65 0.862023
0.67 0.834791
0.69 0.802444
0.71 0.826534
0.73 0.883265
0.75 0.854427
0.77 0.868305
0.79 0.911686
0.81 0.996411
0.83 1.11326
0.85 1.16618
0.87 1.31373
0.89 1.49118
0.91 1.51642
0.93 1.49578
0.95 1.60915
0.97 1.82536
0.99 3.17662
1.01 1
1.03 1
1.05 1
1.07 1
1.09 1
1.11 1
1.13 1
1.15 1
1.17 1
1.19 1
1.21 1
1.23 1
1.25 1
1.27 1
1.29 1
1.31 1
1.33 1
1.35 1
1.37 1
1.39 1
1.41 1
1.43 1
1.45 1
1.47 1
1.49 1
1.51 1
1.53 1
1.55 1
1.57 1
1.59 1
1.61 1
1.63 1
1.65 1
1.67 1
1.69 1
1.71 1
1.73 1
1.75 1
1.77 1
1.79 1
1.81 1
1.83 1
1.85 1
1.87 1
1.89 1
1.91 1
1.93 1
1.95 1
1.97 1
1.99 1
