0.01 0.998133
0.03 37.9997
0.05 3.09282
0.07 0.851781
0.09 0.397546
0.11 0.533166
0.13 0.690102
0.15 0.832252
0.17 0.948568
0.19 0.984126
0.21 0.770373
0.23 1.06596
0.25 0.968608
0.27 1.04829
0.29 0.822304
0.31 0.931666
0.33 0.878543
0.35 0.883327
0.37 0.852476
0.39 0.840948
0.41 0.934173
0.43 0.810759
0.45 0.826917
0.47 0.763276
0.49 0.812466
0.51 0.770988
0.53 0.786152
0.55 0.755347
0.57 0.725497
0.59 0.740533
0.61 0.711956
0.63 0.732005
0.65 0.686441
0.67 0.709641
0.69 0.743953
0.71 0.736737
0.73 0.746437
0.75 0.7421
0.77 0.755922
0.79 0.790557
0.81 0.803738
0.83 0.840163
0.85 0.867626
0.87 0.979451
0.89 1.0666
0.91 1.19278
0.93 1.35102
0.95 1.42471
0.97 1.54377
0.99 1.55477
1.01 2.4307
1.03 5.52283
1.05 5.69636
1.07 5.37469
1.09 1.88611
1.11 0.942198
1.13 0.384237
1.15 0.722264
1.17 0.855054
1.19 2.48528
1.21 1
1.23 1
1.25 1
1.27 1
1.29 1
1.31 1
1.33 1
1.35 1
1.37 1
1.39 1
1.41 1
1.43 1
1.45 1
1.47 1
1.49 1
1.51 1
1.53 1
1.55 1
1.57 1
1.59 1
1.61 1
1.63 1
1.65 1
1.67 1
1.69 1
1.71 1
1.73 1
1.75 1
1.77 1
1.79 1
1.81 1
1.83 1
1.85 1
1.87 1
1.89 1
1.91 1
1.93 1
1.95 1
1.97 1
1.99 1
