0.01 0.97568
0.03 1.58988
0.05 1.02279
0.07 0.949024
0.09 0.882333
0.11 0.805129
0.13 0.902813
0.15 0.969657
0.17 0.947008
0.19 0.945453
0.21 0.836703
0.23 0.924894
0.25 1.00139
0.27 0.898372
0.29 0.919983
0.31 0.901884
0.33 0.93409
0.35 0.945336
0.37 0.900954
0.39 0.929744
0.41 0.907995
0.43 0.914917
0.45 0.886444
0.47 0.895688
0.49 0.861811
0.51 0.911401
0.53 0.846125
0.55 0.865051
0.57 0.837393
0.59 0.796071
0.61 0.819004
0.63 0.783515
0.65 0.775966
0.67 0.797736
0.69 0.776019
0.71 0.790171
0.73 0.802841
0.75 0.811606
0.77 0.822768
0.79 0.853792
0.81 0.892465
0.83 1.02768
0.85 1.10463
0.87 1.23575
0.89 1.35333
0.91 1.40468
0.93 1.50254
0.95 1.63801
0.97 1.8001
0.99 2.22453
1.01 1
1.03 1
1.05 1
1.07 1
1.09 1
1.11 1
1.13 1
1.15 1
1.17 1
1.19 1
1.21 1
1.23 1
1.25 1
1.27 1
1.29 1
1.31 1
1.33 1
1.35 1
1.37 1
1.39 1
1.41 1
1.43 1
1.45 1
1.47 1
1.49 1
1.51 1
1.53 1
1.55 1
1.57 1
1.59 1
1.61 1
1.63 1
1.65 1
1.67 1
1.69 1
1.71 1
1.73 1
1.75 1
1.77 1
1.79 1
1.81 1
1.83 1
1.85 1
1.87 1
1.89 1
1.91 1
1.93 1
1.95 1
1.97 1
1.99 1
