0.01 1.1032
0.03 0.959928
0.05 0.962429
0.07 1.02432
0.09 1.01609
0.11 1.08293
0.13 1.06973
0.15 1.04867
0.17 1.0609
0.19 1.07923
0.21 0.960452
0.23 1.01007
0.25 1.11992
0.27 1.10467
0.29 0.992748
0.31 1.03269
0.33 1.05965
0.35 1.00378
0.37 1.01529
0.39 1.10764
0.41 1.04573
0.43 1.12389
0.45 1.0088
0.47 1.10225
0.49 1.1006
0.51 1.14354
0.53 1.10926
0.55 1.14318
0.57 1.14556
0.59 1.23532
0.61 1.08491
0.63 1.18707
0.65 1.24429
0.67 1.18695
0.69 1.13569
0.71 1.15163
0.73 1.0222
0.75 0.994397
0.77 0.932353
0.79 0.855635
0.81 0.843231
0.83 0.770809
0.85 0.736985
0.87 0.694973
0.89 0.668792
0.91 0.713999
0.93 0.700922
0.95 0.646372
0.97 0.739359
0.99 1.34667
1.01 1
1.03 1
1.05 1
1.07 1
1.09 1
1.11 1
1.13 1
1.15 1
1.17 1
1.19 1
1.21 1
1.23 1
1.25 1
1.27 1
1.29 1
1.31 1
1.33 1
1.35 1
1.37 1
1.39 1
1.41 1
1.43 1
1.45 1
1.47 1
1.49 1
1.51 1
1.53 1
1.55 1
1.57 1
1.59 1
1.61 1
1.63 1
1.65 1
1.67 1
1.69 1
1.71 1
1.73 1
1.75 1
1.77 1
1.79 1
1.81 1
1.83 1
1.85 1
1.87 1
1.89 1
1.91 1
1.93 1
1.95 1
1.97 1
1.99 1
