0.01 0.992715
0.03 14.1351
0.05 2.94776
0.07 1.0822
0.09 0.482254
0.11 0.540388
0.13 0.686277
0.15 0.94731
0.17 0.934657
0.19 1.01448
0.21 0.881608
0.23 1.01376
0.25 0.800638
0.27 0.953286
0.29 0.891599
0.31 0.931004
0.33 0.849661
0.35 0.868908
0.37 0.908804
0.39 0.879827
0.41 0.789385
0.43 0.887219
0.45 0.805772
0.47 0.83577
0.49 0.838568
0.51 0.738045
0.53 0.795055
0.55 0.778991
0.57 0.780544
0.59 0.734387
0.61 0.740944
0.63 0.737585
0.65 0.705388
0.67 0.720783
0.69 0.725308
0.71 0.72523
0.73 0.752367
0.75 0.76699
0.77 0.759314
0.79 0.77936
0.81 0.800956
0.83 0.860724
0.85 0.942336
0.87 1.06999
0.89 1.24282
0.91 1.34156
0.93 1.52378
0.95 1.67438
0.97 1.56056
0.99 1.52853
1.01 1
1.03 1
1.05 1
1.07 1
1.09 1
1.11 1
1.13 1
1.15 1
1.17 1
1.19 1
1.21 1
1.23 1
1.25 1
1.27 1
1.29 1
1.31 1
1.33 1
1.35 1
1.37 1
1.39 1
1.41 1
1.43 1
1.45 1
1.47 1
1.49 1
1.51 1
1.53 1
1.55 1
1.57 1
1.59 1
1.61 1
1.63 1
1.65 1
1.67 1
1.69 1
1.71 1
1.73 1
1.75 1
1.77 1
1.79 1
1.81 1
1.83 1
1.85 1
1.87 1
1.89 1
1.91 1
1.93 1
1.95 1
1.97 1
1.99 1
