360390
360391
360392
360393
360400
360413
360428
360432
360435
360437
360438
360458
360459
360460
360486
360490
360491
360737
360761
360794
360795
360797
360820
360825
360826
360856
360874
360876
360887
360888
360889
360890
360892
360895
360919
360920
360921
360927
360941
360942
360945
360946
360948
360950
360951
360991
360992
361020
361044
361045
361050
361052
361054
361083
361091
361105
361106
361107
361108
361110
361188
361193
361195
361197
361223
361239
361240
361272
361280
361283
361284
361297
361303
361318
361319
361320
361333
361361
361362
361363
361365
361366
361400
361417
361443
361468
361475
361512
361569
361573
361579
361580
361957
361971
361989
361990
361994
362058
362059
362060
362061
362062
362063
362064
362087
362091
362104
362105
362106
362107
362148
362153
362154
362159
362161
362163
362166
362167
362437
362439
362597
362614
362615
362616
362617
362618
362653
362654
362655
362657
362695
362696
362698
362720
362727
362728
362757
362758
362760
